-0.000309931  0.0012482  -0.000426752  0.0383211  -0.558039  0.0768606  
-0.000650414  0.000826515  -0.000537836  0.0383361  -0.607328  0.0589568  
-0.00058128  0.00114143  -0.000426752  0.0383101  -0.566965  0.0704959  
-0.000906044  0.000826516  -0.000426752  0.0226684  -0.577867  0.0465875  
-0.000188335  0.00110695  -0.000123971  0.015426  -0.556718  0.0412824  
-0.000605871  0.000849419  -6.14711e-06  0.00108561  -0.577868  0.0439374  
-0.000522228  0.00106032  -6.14711e-06  -0.00255089  -0.560397  0.0439522  
-0.000189463  0.000784642  -0.000241621  0.00397798  -0.560427  0.0295774  
-0.000735329  0.000824575  -0.000154757  0.018688  -0.539782  0.043923  
-0.000561757  0.000605507  -0.000487135  0.0208455  -0.546623  0.0469694  
-0.000522803  0.000832433  -0.000233971  0.0110701  -0.537133  0.0456691  
-0.000769624  0.000999938  -0.000487135  0.0208469  -0.525336  0.0486079  
-0.00111595  0.000691847  -0.000412333  0.0208152  -0.548337  0.0463684  
-0.000266666  0.00100036  -0.000337187  0.0208044  -0.519956  0.03679  
-0.00132057  0.000708357  -7.21562e-05  0.0206974  -0.549492  0.0503145  
-0.000224476  0.00131463  -1.04839e-05  0.0207475  -0.510094  0.0252823  
-0.00107657  0.00097923  -7.20008e-05  -0.000472244  -0.537086  0.0509934  
-4.98423e-05  0.00112323  -0.000487135  0.0162093  -0.514075  0.0474612  
-0.000280958  0.00097923  -0.000487135  0.0208963  -0.506119  0.0742522  
-0.000441115  0.00097923  0.00011224  0.0100895  -0.506111  0.0358374  
-0.000285846  0.00122923  -0.000487135  0.00450708  -0.475732  0.0633801  
-0.000106038  0.00097923  0.000129492  0.0111156  -0.486183  0.0454281  
0.000329654  0.00130411  -3.2375e-05  0.0208306  -0.463918  0.0634682  
-0.000212571  0.00097923  -9.5254e-05  0.0131677  -0.491418  0.0502099  
0.000101129  0.000923443  0.000223218  0.0207753  -0.456469  0.0592293  
0.000331878  0.00097923  0.000122287  0.00188378  -0.480947  0.0471751  
-8.25458e-05  0.00097923  3.66138e-05  0.00679363  -0.445642  0.0471036  
0.000335917  0.00097923  -0.00029517  0.00688324  -0.445692  0.0345657  
-0.000325024  0.000900658  0.000182883  -0.00131047  -0.451878  0.0470818  
0.000316115  0.00119135  -0.00029517  0.0103618  -0.424432  0.0286495  
-0.000685155  0.000979231  -0.000106536  0.00418319  -0.446888  0.0516837  
-2.85141e-05  0.000979231  6.46775e-05  0.0107241  -0.418  0.0254186  
-0.000585459  0.000979231  1.7771e-05  0.00732084  -0.438347  0.0502469  
-0.000367818  0.00128082  5.09563e-05  0.0186565  -0.380529  0.0115142  
-0.000881932  0.00075602  -8.46663e-05  0.0107438  -0.429372  0.0362785  
-0.00098667  0.000979231  0.000307019  0.0106813  -0.400843  0.0294808  
-0.000708503  0.00102663  -0.000294412  0.0169697  -0.41744  0.0295396  
-0.000423125  0.000980909  -0.000294412  0.0217413  -0.396856  0.0295796  
-0.000374571  0.000954091  -0.000294412  0.0327381  -0.388336  0.0242608  
-0.000691003  0.000912476  -0.000155088  0.0219829  -0.38085  0.0295254  
-0.000147991  0.000912476  -0.000294412  0.0327497  -0.358544  0.0133151  
-0.000878736  0.000912476  -0.000294412  0.0167205  -0.377871  0.05076  
-0.000156986  0.00111953  -6.46243e-05  0.0327231  -0.347093  0.0158954  
-0.000847355  0.000912476  -0.000294412  0.0174548  -0.364719  0.0447437  
-0.000332088  0.00114698  -0.000294412  0.0327624  -0.323678  0.0201088  
-0.000743259  0.000912476  -0.000294412  0.0327497  -0.34988  0.0365642  
-0.000474258  0.00113302  -0.000118399  0.0327274  -0.324653  0.0201737  
-0.000755445  0.000912476  -0.000488201  0.0327817  -0.335816  0.0453088  
-0.00064979  0.00122318  -9.59711e-05  0.0327265  -0.319292  0.0506545  
-0.000673977  0.00100236  -0.000389997  0.0370377  -0.316647  0.0463915  
-0.000752073  0.00113651  -0.000492336  0.0328044  -0.344743  0.042322  
-0.000429541  0.00108345  -0.000150284  0.0232758  -0.296991  0.0253165  
-0.000847355  0.000912476  -0.000540557  0.0216432  -0.324045  0.0164462  
-0.00252333  0.000264221  0.000215415  -0.0240965  -0.348371  -0.0615832  
-0.001179  0.000366081  0.000345492  0.00978026  -0.23058  -0.0151864  
-0.00149197  0.000656663  0.000142708  -0.00155029  -0.276763  0.0112684  
-0.0010649  0.000861244  0.000427624  0.0244892  -0.236889  -0.00571269  
-0.00114527  0.000745808  8.24273e-05  0.00613413  -0.295931  0.0280184  
-0.000934729  0.000861244  0.000166338  0.0172931  -0.239974  0.0109521  
-0.000883819  0.000672809  2.1958e-05  0.0045148  -0.28224  0.0109624  
-0.000883819  0.000861244  0.000275165  -0.00333093  -0.250899  0.0109637  
-9.79965e-05  0.000861244  0.000286398  0.00437665  -0.264385  0.0262669  
-0.000233564  0.000861244  0.000427624  -0.0103706  -0.250964  0.0170433  
-0.000306294  0.000705352  0.000427624  -0.0130935  -0.251244  0.0205879  
0.000105362  0.000861244  0.000427624  -0.0136188  -0.252362  0.03062  
-0.000217648  0.000861244  0.000427624  -0.00273366  -0.226198  0.026563  
-0.000217648  0.000861244  0.000427624  -0.0213669  -0.243469  0.0305856  
0.000201167  0.000861244  0.000427624  -0.0213157  -0.211235  0.0206208  
-0.000263245  0.000602934  0.000959241  -0.0361804  -0.243449  0.0587181  
0.000598714  0.000674619  0.000692599  -0.0227361  -0.216883  0.0183317  
-0.000303682  0.000478912  0.000543126  -0.0455713  -0.223191  0.0254781  
0.000312201  0.000731512  0.000738746  -0.0260807  -0.182862  -0.00342523  
-0.000280513  0.000391799  0.000403746  -0.0385837  -0.225317  0.0160977  
0.000203252  0.000798935  0.000650979  -0.012377  -0.203349  0.00329364  
-0.000678486  0.000398612  0.000383248  -0.0123305  -0.22535  0.0420362  
-0.000109262  0.000518715  0.000988466  -0.0123947  -0.194529  0.00144065  
-0.00109088  2.15042e-05  0.000672669  -0.023628  -0.225314  0.0106486  
-0.000251959  0.000245317  0.000931081  -0.0125016  -0.184546  -0.0111232  
-0.000738015  0.000447162  0.000870302  -0.018811  -0.233892  0.00490046  
-0.00124547  0.000133746  0.000615795  -0.0329574  -0.22033  -0.0566638  
-0.000368548  -0.000101169  0.00069986  -0.0299526  -0.140903  -0.0314847  
-0.000892612  -0.000441926  0.00096841  -0.0297997  -0.172462  0.0203974  
-0.000236288  -0.000268609  0.000601464  -0.0297135  -0.135314  0.0131074  
-0.000317817  -0.000138829  0.000950733  -0.0296984  -0.127666  0.0438323  
-0.000294874  -3.97237e-05  0.00078987  -0.0297207  -0.0927704  0.01842  
-0.000804618  -0.000225791  0.000646516  -0.0296934  -0.113023  0.0184182  
-0.000749606  -7.08723e-05  0.00110355  -0.00886718  -0.0782744  -0.00228644  
-0.00143756  -6.81799e-05  0.000560366  -0.0278245  -0.113039  -0.00227609  
-0.000296933  -4.02329e-05  0.000857465  -0.0130992  -0.0757954  -0.0194068  
-0.000852073  -0.000366575  0.000632434  -0.0446531  -0.113032  0.00924126  
-0.00051291  -0.000293909  0.000904751  -0.0298284  -0.0820893  0.00445143  
-0.000755262  -0.000293909  0.000604314  -0.028133  -0.101536  0.00924049  
6.81877e-05  -0.000282357  0.000957865  -0.0366705  -0.070547  0.0204855  
-0.000150259  -0.000552287  0.000951404  -0.036676  -0.100559  0.0254037  
0.000175691  -0.000355977  0.00095957  -0.0366679  -0.0737795  0.017575  
3.2499e-05  -0.000381341  0.000818729  -0.0366864  -0.0925058  0.0161414  
0.000112627  -0.000232179  0.000768882  -0.0316808  -0.0725314  0.0347456  
0.000393372  -0.000523866  0.000983672  -0.0366101  -0.0853693  0.0420577  
0.000613582  -0.000196225  0.00105825  -0.0366454  -0.0298391  0.0246994  
0.000272556  -0.000380745  0.000744951  -0.0366164  -0.087059  0.0347306  
0.00084181  -0.00028837  0.00116221  -0.0366171  -0.00742646  0.0346945  
0.000325124  -0.00028837  0.000760613  -0.0366345  -0.0440414  0.0347294  
0.000921697  -0.00028837  0.000646612  -0.0366233  -0.0193335  0.0185204  
0.00076488  -0.00028837  0.000646612  -0.0366234  -0.044009  0.0185245  
0.00146238  -0.00028837  0.000769311  -0.036626  0.0197274  0.00251441  
0.00066523  -0.000441942  0.000963658  -0.0480492  -0.0119058  0.000855305  
0.00123465  -0.000366387  0.00108997  -0.0366323  0.0409304  0.00985667  
0.000158153  -0.000226045  0.000812272  -0.0366452  -0.00571523  0.0120414  
0.000892121  -3.28182e-05  0.000812272  -0.0291451  0.0403231  0.000839274  
-0.000270341  0.000280371  0.000812272  -0.0476512  0.0158561  0.0137409  
0.000780876  -0.000226559  0.000961154  -0.0239141  0.0426787  0.00088917  
0.000548821  -0.000388629  0.00102557  -0.0401367  0.0158735  0.0152829  
0.00105043  -0.000221606  0.000728168  -0.0156574  0.0730415  0.00466893  
0.000453369  -0.000221606  0.000750879  -0.0362098  0.041019  0.00468322  
0.000922683  -0.000221606  0.00088661  -0.0232984  0.0906995  -0.00685612  
-0.0016382  -0.000734874  0.00104385  -0.0396199  0.144597  -0.130361  
4.102e-05  -0.00104866  0.000815045  -0.0533704  0.0732069  -0.0277032  
-1.04336e-05  -0.000851805  0.00105112  -0.0418523  0.109603  -0.0481542  
-0.000118337  -0.000972068  0.000860023  -0.0472699  0.0731808  -0.0147406  
4.30566e-05  -0.00080532  0.000877331  -0.0427477  0.123644  -0.0218226  
-0.000304993  -0.00099908  0.000754899  -0.0347295  0.108851  -0.0159331  
0.000185682  -0.000508629  0.00128141  -0.034016  0.201332  -0.0271164  
-0.000189363  -0.000750847  0.000821453  -0.0472093  0.120147  -0.00555241  
0.000246815  -0.000699622  0.000826157  -0.0467935  0.162892  -0.024608  
-0.00026635  -0.00118785  0.000646331  -0.0355997  0.120998  -0.00703607  
0.000656086  -0.000668089  0.000816217  -0.0291674  0.162623  -0.0291151  
-8.76158e-05  -0.000949708  0.000877158  -0.0316889  0.138984  -0.0175372  
0.000205404  -0.000949709  0.000707988  -0.0319097  0.156978  -0.0133363  
0.000795498  -0.000634563  0.000418803  -0.029209  0.156682  -0.0274961  
9.63853e-06  -0.000886419  0.000503136  -0.0291781  0.138806  -0.00329678  
0.000514083  -0.000597567  0.000516644  -0.0217819  0.177665  -0.0256681  
0.000709017  -0.000837739  0.000277553  -0.0143999  0.165543  -0.0346866  
0.000709017  -0.000837739  0.000410316  -0.0239712  0.189451  -0.0130595  
0.0011983  -0.00059896  5.30003e-05  -0.00540816  0.177698  -0.0124642  
0.000541055  -0.000615909  3.66686e-05  -0.010727  0.177631  0.00893253  
0.000735665  -0.000329687  0.000337148  -0.00180115  0.19238  -0.0213623  
0.000354183  -0.000615909  -7.16093e-05  0.00736538  0.192082  -0.0367865  
0.000541055  -0.000615909  -4.79119e-06  -0.00583149  0.185379  -0.0368036  
0.00100744  -0.000342634  -0.000170098  0.0148894  0.198168  -0.0368248  
-0.000185296  -8.07233e-05  -0.000375429  0.0128456  0.18348  -0.0429415  
0.000789247  -8.07233e-05  -0.000232288  0.0225966  0.203335  -0.0386802  
0.000789247  -0.000498565  -0.000224718  0.0128335  0.177613  -0.0328731  
0.00064297  -0.000498565  2.75878e-06  0.022528  0.223046  -0.0552489  
0.0003325  -0.000582147  -0.000506875  0.0184995  0.223063  -0.035424  
0.000661292  -0.000498565  -0.000284406  0.0289545  0.267338  -0.0436512  
0.000517356  -0.000131698  -0.00038613  0.0327866  0.216504  -0.0205162  
0.000434013  -0.000232579  -0.000342339  0.0299871  0.224351  -0.0204771  
0.000905231  -0.000476516  -0.000459298  0.0291833  0.278113  -0.0205672  
0.000502742  -0.000476516  -0.000291888  0.0163041  0.257167  -0.0366785  
0.0012039  -0.000476516  -0.000482774  0.0320236  0.292399  -0.0530371  
0.000192938  -0.000621171  -0.000364077  0.0179105  0.275171  -0.0241995  
0.000686946  -0.000299157  -0.000162318  0.0256962  0.306517  -0.0278647  
0.00110374  -0.000796098  -0.000285359  0.0184594  0.290063  -0.0479092  
0.000550608  -0.000650711  -0.000157448  0.00949734  0.298453  -0.0441056  
0.00107779  -0.000255349  -0.000473165  0.0297474  0.320236  -0.0477288  
0.000867587  -0.000736946  -0.000326367  -0.00243067  0.283657  -0.0499298  
0.000376051  -0.000736946  -0.000227368  0.0182708  0.323594  -0.0440711  
0.000435646  -0.000736946  -0.000397174  0.0253807  0.317565  -0.0257141  
-0.000154957  -0.000269889  -0.000583067  0.0172605  0.313434  -0.0255614  
0.000568723  -0.00064006  -0.000378878  0.0142064  0.330554  -0.00383207  
0.000320512  -0.000429968  -0.000378878  0.0141875  0.301665  -0.0203622  
0.00104045  -0.000429968  -0.000346492  0.0305046  0.340459  -0.0437499  
0.000214535  -0.000943159  -0.000349781  0.0091444  0.330482  -0.0360561  
0.000803413  -0.000354723  -0.000356939  0.0374229  0.370476  -0.0436965  
0.000272888  -0.000756948  -0.000524823  0.00607641  0.32911  -0.0436125  
0.000845326  -0.000441253  -0.000313852  0.0321771  0.389458  -0.0601514  
0.00066577  -0.000756948  -0.000594136  0.0268684  0.351806  -0.0435809  
0.000376827  -0.000756948  -0.000532725  0.0268809  0.385398  -0.0322365  
0.000537706  -0.000506948  -0.000631098  0.0471284  0.406588  -0.0407012  
0.000357849  -0.000756948  -0.000739238  0.0334453  0.387908  -0.0351776  
0.000815705  -0.000462598  -0.000554673  0.0520619  0.416826  -0.0546482  
0.00067258  -0.000603664  -0.000635762  0.030834  0.390904  -0.0545728  
6.54651e-05  -0.000603664  -0.000327081  0.0232738  0.438906  -0.0544292  
-0.00350062  -0.000902847  -0.000567231  -0.0338696  0.474149  -0.266104  
-0.000551089  -0.00101992  -0.000589403  -0.0177125  0.478235  -0.174164  
-0.00100093  -0.000961409  -0.000327082  -0.0175922  0.425019  -0.136436  
-0.00106956  -0.000790289  -0.000730142  0.00085788  0.474708  -0.121509  
-0.000971027  -0.000885104  -0.00065909  0.00237113  0.441636  -0.122645  
-0.000853465  -0.000814198  -0.000760582  0.0136679  0.486829  -0.132751  
-0.000805672  -0.000814198  -0.000932071  0.0229068  0.437744  -0.122683  
-0.000761614  -0.000814198  -0.000769806  0.0181422  0.503858  -0.124701  
-0.00117083  -0.000964359  -0.000953132  0.0182407  0.479409  -0.12268  
-0.00098986  -0.000814198  -0.000840209  0.0229154  0.500992  -0.13722  
-2.82289e-05  -0.000814198  -0.00092081  0.0238372  0.512224  -0.137442  
-0.00103245  -0.000985219  -0.000927763  0.0126632  0.495964  -0.117626  
-0.00054384  -0.000570536  -0.000786001  0.0304481  0.522724  -0.120033  
-0.000640344  -0.000667448  -0.00102515  0.0365975  0.505794  -0.117707  
-0.000487574  -0.00079999  -0.0008533  0.0304261  0.538298  -0.117759  
-0.000468817  -0.00079999  -0.0010346  0.0283193  0.512149  -0.117755  
-0.000500382  -0.000856516  -0.0008533  0.0337082  0.495996  -0.117751  
-8.00561e-05  -0.000588919  -0.00125487  0.0370071  0.553948  -0.119934  
-0.000502274  -0.000637168  -0.00115581  0.0303441  0.519383  -0.0996726  
0.000101129  -0.000231349  -0.00114219  0.0450888  0.546443  -0.112788  
-0.000671773  -0.000661175  -0.00125386  0.0372163  0.536362  -0.119536  
-0.000291872  -0.000458268  -0.00106191  0.0361662  0.549283  -0.119627  
-0.000236429  -0.000798425  -0.0011264  0.024703  0.541193  -0.119643  
-0.000289853  -0.00060525  -0.0011171  0.0343634  0.561912  -0.110617  
-0.000106978  -0.00056264  -0.00117078  0.0358467  0.598613  -0.1414  
2.73387e-05  -0.000793534  -0.00110404  0.0246476  0.571471  -0.12303  
-0.000441705  -0.000720915  -0.00109274  0.0117223  0.596454  -0.122875  
0.000340592  -0.000368134  -0.00125905  0.0279101  0.59865  -0.123146  
-0.000191427  -0.000555688  -0.00112262  0.0337034  0.591186  -0.104114  
0.000376255  -0.00019793  -0.00113134  0.0352254  0.635526  -0.123131  
0.000505661  -0.000862124  -0.000971425  0.0280044  0.605186  -0.115772  
-2.91993e-05  -0.000585346  -0.000755447  0.0295464  0.619533  -0.129013  
